315206
256163
205490
255760
153772
185737
235108
101498
245757
182101
205905
141895
228698
171460
131777
222044
141861
126399
138888
102675
90396
215220
143804
247367
138783
105067
95203
62591
80701
210560
206815
50739
128304
68593
61461
67270
241397
80356
77168
67442
90709
100575
111403
100821
75498
81595
128229
77588
93237
33576
72426
34426
72471
52384
50260
123968
79185
77217
22145
59657
51567
56058
109035
63363
132699
172176
182919
376424
108008
77706
48872
48571
52533
43457
97455
91435
98865
62457
127784
75601
95940
80520
75734
104476
63710
123387
108384
128329
136124
20943
54017
89303
45122
86621
76003
75243
67708
102307
59041
68258